locations:
  lobby_robot2: [-3.9854603307289027, 0.6795946467222101, 0.6731706811793987]
  lobby_robot3: [-4.6222173007660805, 0.4602882958575583, 0.7870246072662588]
  entrance: [-4.820854618637408, -0.21399372683046672, 0.9999578920532255]
  room1_front: [-0.07433652226661591, 0.19180274288998164, 0.9982765571127848]
  room2: [-2.7034381684864144, 0.9569153549318052, 0.041114724122371916]
  room3_cctv: [-0.7637876423629765, 1.7609787688623049, 0.9997521624167784]
  room3_front: [-0.19878403016310828, 1.7248057172983793, 0.9998968517320354]
  room4_front: [-4.243511627484514, 2.6955222396841774, 0.04853751170840461]
  lobby_wait: [-5.065987993201197, 1.3563803402975292, 0.9999886810352292]
